38 0.5930859737204657 -0.6331304202676724
7 0.1973169683940732 -0.687962719115127
18 -0.8000501683639942 -0.08150221606826569
35 -0.7142663641561184 0.30177694589770576
1 0.4439975445336495 0.8771054180315003
1 -0.6363500655857988 -0.6331909802931324
11 0.22330632097656178 -0.9858673895605652
24 -0.4175417196039162 0.22370578944475894
41 -0.9066686735727691 0.9475110376829183
14 -0.08786003156592814 0.5703519227860272
43 0.02846887682722321 0.18482913772408494
2 0.7198808134726411 0.3606150771755594
8 -0.869896814029441 0.8977710745066665
13 0.6167946962329223 -0.39077246165325863
1 0.3684660530243138 -0.1196950125207974
6 0.21999331556524182 0.6663898234723287
34 0.8186408041575641 -0.48244003679996617
39 0.5107228206353049 -0.1496882510175106
41 0.13540065563998294 -0.9373734150888828
17 0.5502656467222291 0.8789978831283782
35 0.19579995762217028 0.8437484700462337
7 0.1408879488107988 0.04166852005164734
39 0.6890676973563028 0.49464022027476173
46 0.6574750183038587 -0.28649334661282144
44 -0.7181515500504747 0.6043939615080793
0 -0.9687271865176121 -0.15319703858726075
0 -0.6025686369316552 -0.9889557657527952
10 -0.6023151918223897 0.42268390549729995
34 0.5425406933718915 -0.8519106965318193
38 0.3021540510038889 0.8299193510875615
8 0.24659625365511584 -0.3382039502947016
47 -0.2583634956034673 0.33768250532721455
36 0.45921235667612814 0.27511494271042625
26 0.1224868516954023 -0.23414625049242033
46 0.42648957444599 0.5215700972337949
25 -0.5280301605020885 -0.4878633544773521
26 0.045465658763988115 -0.14491796328290074
41 -0.12132699626845977 -0.5965615953292076
31 0.2728208225275608 -0.37128803784734665
31 0.391032172852255 -0.7213370911882486
38 -0.17923415392874054 0.5111022770860973
35 0.885707141115962 0.197730932977072
21 0.7609356780305154 0.2487080962675865
5 -0.08693085903417952 -0.5631191255663328
19 0.7851179969799555 0.07868448383130144
27 -0.2874043238460502 0.8136568830915081
0 -0.5441296749161166 -0.14578442274748737
12 0.7214611665126869 -0.9860957389376186
7 0.06817883875088393 -0.030340057282033595
32 -0.7602692653326344 -0.3247696571927441
14 -0.6634179156541389 -0.5624715608538595
23 0.4060379177903557 -0.27274079524141204
48 -0.4921691721313106 -0.5062478743227976
38 -0.005502988215229099 -0.3982433803664607
48 0.9954809700978837 -0.46643797144943
1 0.005358046457722976 -0.8970424975000213
36 -0.309857503946634 0.26870268940272757
1 0.061869166634272776 -0.10443367085381672
5 -0.5158894569769992 0.3442710948117571
10 -0.2606910878771911 -0.5156801234451482
37 -0.26443373456149355 0.26461166118715895
5 -0.20235111511089388 0.6328637464387679
15 0.6706049911784759 -0.35843987005652833
5 0.39162561358176373 0.7167176096274397
35 -0.9668243421442877 0.024186116598561958
18 -0.30266802541654125 -0.8076468978171585
40 0.3818754762049319 -0.22652930739892518
17 0.675420211814656 0.35138023407856145
24 -0.5818567585245726 0.08289594765513164
41 -0.4841167445696888 0.3199680920683581
25 0.9643366866588712 0.03327178254202856
48 -0.5162954181990966 -0.8137944643882016
11 0.11658690721419518 0.7652726863786794
8 -0.44225729481563625 0.4007156599455426
15 0.7942205199051542 0.7741728485302346
32 0.2840632923085755 -0.8317200700099023
7 0.5706813022278872 0.33797650942845725
34 -0.25543446687651383 0.8802668849155568
24 -0.9898768323075626 -0.6783838971650027
17 -0.02877249282754679 -0.10315171402750534
40 -0.6481494946453092 -0.9638492727689583
13 -0.34920060368146455 0.4929828102360483
7 0.6984468209883559 0.31522578460068673
32 0.08508046110979861 0.01762815367752002
21 -0.4695952646365491 -0.5120207132418328
37 0.9577857165500181 -0.02651569408108978
7 0.2622772519945258 0.5896226070832968
29 0.2902067240611297 0.3378481193261993
32 -0.609514024403911 0.44490423052301065
18 0.1440083984183662 0.537108028612618
16 0.989101021594682 -0.060110972018114106
45 0.829728780440897 -0.2596825994891112
40 0.9061436940479064 -0.3384993906589726
45 0.9333096380873391 0.9272399541785057
32 -0.8493074879877436 -0.3886059614256363
31 0.7022733430337138 -0.36615598968744467
17 0.11360252491670031 0.8723095483215619
2 0.14012234017872993 -0.8056470124584629
31 0.3422870336481012 -0.2827064374076722
26 -0.4094188231621225 -0.35489847152279896
39 0.39403148199053595 0.40496816797421853
47 0.10563995381581548 -0.40697971270440303
25 0.6202267893583615 0.7341446371602074
12 -0.8368116391995193 -0.9896302744520264
35 0.5965903579335503 0.2999278615555303
45 0.5915853388722021 0.7800106836351326
22 -0.9447664562525906 0.15772979101511742
31 0.15656028199234795 -0.9281154524065158
24 -0.6899167665445116 0.9636817766210621
21 0.1816665211380215 -0.9389995001219011
41 0.6452011213193165 -0.2796187171774742
36 0.04448652010960874 0.5399871061972217
43 0.9305036607815396 -0.08546967677254291
5 -0.8966365576627846 0.06270926313629599
46 0.39902442153438766 -0.7232938151643973
15 0.9517041589250692 0.03260069660239062
29 -0.9178649664642484 -0.20235819711041092
18 -0.12205715858872779 -0.8430872373154681
36 -0.6313326513372599 -0.8382540667656047
8 0.37699980153073276 -0.8836128089831128
0 -0.11529554053779112 -0.5204252816851935
47 -0.6342680057853853 0.8692279946794195
0 0.9097305613263882 0.475793833391537
4 0.22344149246870448 -0.16079987514442018
11 0.13207442098815259 -0.6827071047150179
21 -0.9712130227404883 -0.7678547189861675
4 -0.8116860234628798 -0.3771733812174116
4 -0.05165234182534961 -0.804331678697997
47 0.6138259541015589 -0.3073913578211984
29 0.2995473652855267 -0.9038821516059325
4 0.7733607745960951 -0.4782127533165721
9 0.25171983142847276 0.006272517160175406
0 0.07875489680012504 0.36792753879628215
15 -0.8588625051991403 0.2848385564126312
48 0.7343978671100075 0.27280719489202254
19 0.1509483557517579 -0.22366014758695618
32 -0.08349421901696674 0.09123357863186987
36 0.2518793402031456 0.6408536875425361
39 0.8107012839121275 -0.6084177304214071
12 -0.5708217605832517 -0.2454818335440483
49 0.3660135468327137 -0.857622703079542
7 -0.22920675806886992 0.3632273379455795
33 -0.4786109435281938 -0.007925091413187646
49 0.257885693559768 0.7549440270541059
35 -0.16410793656884248 0.9351611030404949
35 -0.6451209124405544 0.5012295032817167
34 0.9810102840013466 -0.17476464617714704
17 -0.4999671015677907 0.1610880246878197
22 0.8615146512071294 0.7168255036860236
48 0.35968955980049166 0.47981752089474905
34 -0.7937522623281348 0.8051058133591333
19 0.6529149322154832 -0.3599007979387765
18 -0.22159664253167377 -0.9783246970394033
40 0.6942862881911795 -0.29018961907455876
27 0.9001239341016098 0.9012142938751122
18 -0.013948684456390081 -0.8334311776094807
4 -0.41357845660387094 -0.3426709092601681
20 0.50474905887536 0.5831580874516971
38 -0.8175877939026193 -0.01115939059483706
38 0.9918624840606582 -0.8882576906452999
34 0.7754083655165995 -0.2981699748958426
17 0.9373038879482698 0.37606002035007813
43 0.7337374106216827 0.6769615275279701
45 0.40193826291824 -0.854473987271613
49 0.7837938175535533 -0.706790356615949
28 -0.8303245718296162 0.9732791570023509
47 0.7262770439780077 0.7607199372768336
16 0.8944971547677174 0.9720021276457418
3 -0.2995635065993729 0.4163623911663996
18 0.5542938318548736 0.1168084994716101
26 -0.5025516911394241 -0.33949494196180297
2 -0.4926356522537225 -0.18959582643716577
19 -0.7623641674638562 -0.7649475064457902
40 0.4884233138865959 0.362078854193818
27 0.9243450969490838 -0.2502588409525919
48 -0.8342173566132915 0.056740242594418344
5 0.6042184980534682 0.9558013375085417
44 -0.9136801760988478 0.7822862273961422
20 0.9859295922386007 -0.8524068705292023
34 0.3908222462132951 -0.8491309058204615
46 0.25879727627052507 0.39149737796923434
30 0.9916627500587414 0.3938501117276296
2 0.802316020981978 -0.9091072393170843
11 0.9174048148156924 -0.8842722044845852
37 -0.08868649442857413 0.24026519560307347
7 -0.6606401922088689 0.2936967233374477
7 -0.29329554394789437 0.16731222370174414
27 -0.2793098095894635 -0.4801002742914746
26 0.3963234280394903 0.07219273268824078
32 -0.17758655825562752 0.20556376404659704
47 -0.6747661213102174 0.8218543689876849
5 0.8995998265838481 0.45143901677671994
46 0.8383531036711191 -0.8345031599293877
29 0.7321277790008167 -0.9095626597876212
32 0.5552045674704511 -0.03925983626729068
46 -0.6991662177929436 0.18826143070427026
24 0.9398287956292064 0.6842378462714174
12 -0.8729763408199973 -0.9263562647280172
0 -0.9726560703460054 -0.8492818792950754
27 0.6258020182601551 0.9994353465722612